1.559000015258789062e+00
1.562999963760375977e+00
1.593000054359436035e+00
1.626999974250793457e+00
1.641999959945678711e+00
1.654000043869018555e+00
1.657999992370605469e+00
1.669999957084655762e+00
1.702000021934509277e+00
1.715999960899353027e+00
1.730999946594238281e+00
1.741000056266784668e+00
1.761000037193298340e+00
1.789000034332275391e+00
1.810999989509582520e+00
1.840999960899353027e+00
1.858999967575073242e+00
1.875000000000000000e+00
1.886999964714050293e+00
1.911000013351440430e+00
1.932999968528747559e+00
1.952999949455261230e+00
1.986999988555908203e+00
2.026999950408935547e+00
2.079999923706054688e+00
2.104000091552734375e+00
2.125000000000000000e+00
2.180999994277954102e+00
1.088999986648559570e+00
1.049999952316284180e+00
1.059000015258789062e+00
1.016000032424926758e+00
9.810000061988830566e-01
9.139999747276306152e-01
9.110000133514404297e-01
9.079999923706054688e-01
8.970000147819519043e-01
9.110000133514404297e-01
9.160000085830688477e-01
8.569999933242797852e-01
8.579999804496765137e-01
8.590000271797180176e-01
8.579999804496765137e-01
8.709999918937683105e-01
8.600000143051147461e-01
2.049999982118606567e-01
2.049999982118606567e-01
2.049999982118606567e-01
2.049999982118606567e-01
2.080000042915344238e-01
2.269999980926513672e-01
0.000000000000000000e+00
2.520000040531158447e-01
0.000000000000000000e+00
2.680000066757202148e-01
2.709999978542327881e-01
2.750000059604644775e-01
2.779999971389770508e-01
2.980000078678131104e-01
0.000000000000000000e+00
0.000000000000000000e+00
1.740000009536743164e+00
1.629999995231628418e+00
7.260000109672546387e-01
7.260000109672546387e-01
7.129999995231628418e-01
7.220000028610229492e-01
7.680000066757202148e-01
7.839999794960021973e-01
7.530000209808349609e-01
8.309999704360961914e-01
8.130000233650207520e-01
7.889999747276306152e-01
8.240000009536743164e-01
7.689999938011169434e-01
7.770000100135803223e-01
7.400000095367431641e-01
7.919999957084655762e-01
7.879999876022338867e-01
7.850000262260437012e-01
7.870000004768371582e-01
8.009999990463256836e-01
8.059999942779541016e-01
8.470000028610229492e-01
7.590000033378601074e-01
8.199999928474426270e-01
8.050000071525573730e-01
7.900000214576721191e-01
8.000000119209289551e-01
7.960000038146972656e-01
7.789999842643737793e-01
7.910000085830688477e-01
6.769999861717224121e-01
6.809999942779541016e-01
6.859999895095825195e-01
6.710000038146972656e-01
6.610000133514404297e-01
6.539999842643737793e-01
5.559999942779541016e-01
5.239999890327453613e-01
5.189999938011169434e-01
5.149999856948852539e-01
5.210000276565551758e-01
5.809999704360961914e-01
0.000000000000000000e+00
1.557000041007995605e+00
1.777999997138977051e+00
1.792999982833862305e+00
1.802999973297119141e+00
1.896999955177307129e+00
0.000000000000000000e+00
0.000000000000000000e+00
0.000000000000000000e+00
0.000000000000000000e+00
0.000000000000000000e+00
0.000000000000000000e+00
0.000000000000000000e+00
0.000000000000000000e+00
0.000000000000000000e+00
3.450999975204467773e+00
3.941999912261962891e+00
4.118999958038330078e+00
4.100999832153320312e+00
4.199999809265136719e+00
0.000000000000000000e+00
0.000000000000000000e+00
0.000000000000000000e+00
0.000000000000000000e+00
0.000000000000000000e+00
0.000000000000000000e+00
0.000000000000000000e+00
4.144999980926513672e+00
0.000000000000000000e+00
0.000000000000000000e+00
0.000000000000000000e+00
0.000000000000000000e+00
0.000000000000000000e+00
0.000000000000000000e+00
0.000000000000000000e+00
0.000000000000000000e+00
0.000000000000000000e+00
0.000000000000000000e+00
0.000000000000000000e+00
0.000000000000000000e+00
0.000000000000000000e+00
3.786000013351440430e+00
3.775000095367431641e+00
3.950999975204467773e+00
0.000000000000000000e+00
0.000000000000000000e+00
0.000000000000000000e+00
0.000000000000000000e+00
0.000000000000000000e+00
0.000000000000000000e+00
0.000000000000000000e+00
0.000000000000000000e+00
0.000000000000000000e+00
0.000000000000000000e+00
4.085999965667724609e+00
0.000000000000000000e+00
0.000000000000000000e+00
0.000000000000000000e+00
0.000000000000000000e+00
0.000000000000000000e+00
0.000000000000000000e+00
0.000000000000000000e+00
0.000000000000000000e+00
4.144999980926513672e+00
3.767999887466430664e+00
3.680999994277954102e+00
3.710999965667724609e+00
3.726999998092651367e+00
5.419999957084655762e-01
5.419999957084655762e-01
5.070000290870666504e-01
4.749999940395355225e-01
4.469999969005584717e-01
4.210000038146972656e-01
4.000000059604644775e-01
3.810000121593475342e-01
3.639999926090240479e-01
3.499999940395355225e-01
3.350000083446502686e-01
3.199999928474426270e-01
3.079999983310699463e-01
2.960000038146972656e-01
2.890000045299530029e-01
2.779999971389770508e-01
2.709999978542327881e-01
2.599999904632568359e-01
2.540000081062316895e-01
2.479999959468841553e-01
2.599999904632568359e-01
0.000000000000000000e+00
0.000000000000000000e+00
0.000000000000000000e+00
0.000000000000000000e+00
0.000000000000000000e+00
0.000000000000000000e+00
0.000000000000000000e+00
0.000000000000000000e+00
0.000000000000000000e+00
0.000000000000000000e+00
0.000000000000000000e+00
0.000000000000000000e+00
0.000000000000000000e+00
0.000000000000000000e+00
0.000000000000000000e+00
0.000000000000000000e+00
0.000000000000000000e+00
0.000000000000000000e+00
0.000000000000000000e+00
0.000000000000000000e+00
0.000000000000000000e+00
0.000000000000000000e+00
9.729999899864196777e-01
9.729999899864196777e-01
9.760000109672546387e-01
9.760000109672546387e-01
9.430000185966491699e-01
9.259999990463256836e-01
9.269999861717224121e-01
8.939999938011169434e-01
8.820000290870666504e-01
8.709999918937683105e-01
8.709999918937683105e-01
8.830000162124633789e-01
8.669999837875366211e-01
8.569999933242797852e-01
8.590000271797180176e-01
8.500000238418579102e-01
7.680000066757202148e-01
8.360000252723693848e-01
8.180000185966491699e-01
7.879999876022338867e-01
7.749999761581420898e-01
7.710000276565551758e-01
7.570000290870666504e-01
7.580000162124633789e-01
7.929999828338623047e-01
0.000000000000000000e+00
0.000000000000000000e+00
0.000000000000000000e+00
0.000000000000000000e+00
0.000000000000000000e+00
0.000000000000000000e+00
0.000000000000000000e+00
0.000000000000000000e+00
0.000000000000000000e+00
0.000000000000000000e+00
0.000000000000000000e+00
0.000000000000000000e+00
0.000000000000000000e+00
0.000000000000000000e+00
0.000000000000000000e+00
0.000000000000000000e+00
0.000000000000000000e+00
0.000000000000000000e+00
0.000000000000000000e+00
0.000000000000000000e+00
0.000000000000000000e+00
0.000000000000000000e+00
0.000000000000000000e+00
0.000000000000000000e+00
0.000000000000000000e+00
3.421999931335449219e+00
3.388000011444091797e+00
3.207000017166137695e+00
0.000000000000000000e+00
0.000000000000000000e+00
2.696000099182128906e+00
2.598999977111816406e+00
2.361999988555908203e+00
0.000000000000000000e+00
0.000000000000000000e+00
0.000000000000000000e+00
0.000000000000000000e+00
0.000000000000000000e+00
1.922000050544738770e+00
1.656999945640563965e+00
1.575999975204467773e+00
1.539000034332275391e+00
1.485999941825866699e+00
1.480000019073486328e+00
1.506000041961669922e+00
1.516000032424926758e+00
1.534000039100646973e+00
1.552000045776367188e+00
1.572999954223632812e+00
1.598000049591064453e+00
1.611999988555908203e+00
1.623000025749206543e+00
1.666000008583068848e+00
1.684000015258789062e+00
1.717000007629394531e+00
1.631000041961669922e+00
1.600000023841857910e+00
1.549999952316284180e+00
1.539000034332275391e+00
1.488999962806701660e+00
1.462000012397766113e+00
1.424999952316284180e+00
1.417999982833862305e+00
1.386999964714050293e+00
1.371000051498413086e+00
1.363000035285949707e+00
1.345000028610229492e+00
1.330999970436096191e+00
1.299000024795532227e+00
1.299000024795532227e+00
1.320999979972839355e+00
1.366000056266784668e+00
1.360999941825866699e+00
1.394000053405761719e+00
1.447999954223632812e+00
1.511000037193298340e+00
1.523000001907348633e+00
1.644999980926513672e+00
1.628999948501586914e+00
1.600000023841857910e+00
1.592000007629394531e+00
1.597000002861022949e+00
1.574000000953674316e+00
1.562999963760375977e+00
1.552999973297119141e+00
1.537999987602233887e+00
1.541000008583068848e+00
1.529000043869018555e+00
1.509999990463256836e+00
1.513000011444091797e+00
1.501000046730041504e+00
1.501000046730041504e+00
1.498999953269958496e+00
1.498999953269958496e+00
1.493000030517578125e+00
1.475999951362609863e+00
1.478000044822692871e+00
5.970000028610229492e-01
5.970000028610229492e-01
5.939999818801879883e-01
5.920000076293945312e-01
5.920000076293945312e-01
5.979999899864196777e-01
6.029999852180480957e-01
0.000000000000000000e+00
1.490000009536743164e+00
1.478000044822692871e+00
1.483000040054321289e+00
1.470000028610229492e+00
1.481999993324279785e+00
1.496000051498413086e+00
1.485000014305114746e+00
1.493999958038330078e+00
1.491999983787536621e+00
1.486999988555908203e+00
1.495000004768371582e+00
1.518000006675720215e+00
1.509999990463256836e+00
1.519999980926513672e+00
1.546000003814697266e+00
